21 2 6 > 103
21 2 17 9 39 > 115 101
21 2 17 26 > 101
21 2 17 9 30 > 107

21 3 7 > 102
21 3 19 11 42 > 117 104
21 3 19 11 33 > 114
21 3 19 28 > 104

21 4 17 28 9 30 > 107
21 4 17 11 9 39 > 115 117 101
21 4 17 11 9 30 > 117 107
21 4 17 28 9 39 > 115 101
21 4 17 26 11 > 117 101
21 4 17 26 28 > 101
21 4 6 11 40 > 117 103
21 4 6 28 > 103

21 1 7 9 40 > 115 102
21 1 7 26 > 102
21 1 19 26 28 > 104
21 1 19 28 9 > 115 104
21 1 19 9 11 33 > 115 114
21 1 19 9 11 42 > 115 117 104
21 1 19 26 11 33 > 114
21 1 19 26 11 42 > 117 104

22 2 5 > 104
22 2 18 27 > 101
22 2 18 10 41 > 116 101
22 2 18 10 32 > 109

22 4 7 > 102
22 4 19 28 > 103
22 4 11 40 > 117 103
22 4 11 31 > 113

22 1 7 10 42 > 116 102
22 1 7 27 > 102
22 1 19 27 28 > 103
22 1 19 28 10 > 116 103
22 1 19 11 10 31 > 116 113
22 1 19 11 27 31 > 113
22 1 19 11 10 40 > 116 117 103
22 1 19 11 27 40 > 117 103

22 3 5 11 42 > 117 104
22 3 5 28 > 104
22 3 18 27 28 > 101
22 3 18 11 27 > 117 101
22 3 18 10 28 32 > 109
22 3 18 10 28 41 > 116 101
22 3 18 10 11 32 > 117 109
22 3 18 10 11 41 > 117 116 101

23 1 6 > 103
23 1 17 26 > 102 
23 1 17 9 31 > 108 
23 1 17 9 40 > 115 102 

23 3 8 > 101
23 3 20 29 > 104 
23 3 20 12 32 > 112
23 3 20 12 41 > 118 104 

23 2 8 9 39 > 115 101
23 2 8 26 > 101
23 2 20 26 29 > 104
23 2 20 29 9 > 115 104
23 2 20 12 26 32 > 112
23 2 20 12 26 41 > 118 104
23 2 20 12 9 32 > 115 112
23 2 20 12 9 41 > 115 118 104

23 4 6 29 > 103
23 4 6 12 39 > 118 103
23 4 17 26 29 > 102
23 4 17 12 26 > 118 102
23 4 17 9 29 31 > 108
23 4 17 9 29 40 > 115 102
23 4 17 9 12 31 > 118 108
23 4 17 9 12 40 > 118 115 102

24 1 5 > 104
24 1 18 27 > 102
24 1 18 10 33 > 110
24 1 18 10 42 > 116 102

24 4 8 > 101
24 4 20 29 > 103
24 4 20 12 30 > 111
24 4 20 12 39 > 118 103

24 2 8 27 > 101
24 2 8 10 41 > 116 101
24 2 20 27 29 > 103
24 2 20 29 10 > 116 103
24 2 20 12 27 30 > 111
24 2 20 12 27 39 > 118 103
24 2 20 12 10 30 > 116 111
24 2 20 12 10 39 > 116 118 103

24 3 5 29 > 104
24 3 5 12 41 > 118 104
24 3 18 27 29 > 102
24 3 18 27 12 > 118 102
24 3 18 10 29 33 > 110
24 3 18 10 29 42 > 116 102
24 3 18 10 12 33 > 118 110
24 3 18 10 12 42 > 118 116 102

21 1 7 9 31 > 108
21 4 6 11 31 > 113
22 1 7 10 33 > 110
22 3 5 11 33 > 114
23 2 8 9 30 > 107
23 4 6 12 30 > 111
24 2 8 10 32 > 109
24 3 5 12 32 > 112